streams_sd	online_advertising	customer_rating	streams_hd	movieID	genre	academy_award
2720	1	5	2375	1	1	0
2931	1	3	1107	2	1	1
2612	1	4	2731	3	1	1
3414	1	5	1598	4	1	1
3483	1	2	1833	5	1	1
2239	0	3	1217	6	1	1
954	0	1	815	7	1	0
2964	0	4	2409	8	1	0
4050	1	4	534	9	1	0
2618	0	3	1422	10	1	1
1107	0	1	2205	11	1	1
3321	1	2	1115	12	1	1
2467	0	2	1705	13	1	0
3194	0	5	1206	14	1	1
3119	1	4	1320	15	1	1
2605	0	4	1635	16	1	1
1962	0	2	1217	17	1	1
1240	0	2	1019	18	1	0
3154	1	2	2371	19	1	1
4057	1	3	1351	20	1	1
4103	1	3	1714	21	1	1
2116	0	5	2304	22	1	1
1505	0	2	1210	23	1	0
3531	1	3	2092	24	1	1
2372	1	2	2026	25	1	1
934	0	1	1376	26	1	0
2929	0	5	1526	27	1	1
2343	0	4	1212	28	1	1
2688	0	5	2049	29	1	1
3514	1	5	1650	30	1	1
3924	1	5	1231	31	1	1
989	0	1	674	32	1	1
2587	1	4	2792	33	1	1
882	0	1	1954	34	1	0
357	1	5	4196	35	1	1
2846	0	4	1821	36	1	1
1360	0	1	2217	37	2	0
1555	0	3	1545	38	2	0
2094	1	3	2225	39	2	1
3098	0	5	886	40	2	1
3924	1	3	3006	41	2	0
3656	1	4	1037	42	2	1
3443	1	3	3589	43	2	1
3937	1	4	2428	44	2	1
4636	1	5	916	45	2	1
1494	0	3	1087	46	2	0
3602	1	4	933	47	2	1
2338	0	4	1518	48	2	0
2994	1	1	2315	49	2	0
2672	0	4	1906	50	2	1
2895	1	4	2682	51	2	0
4445	1	4	2480	52	2	1
2164	0	5	1084	53	2	1
1909	0	2	814	54	2	0
3364	1	4	1345	55	2	1
953	0	1	700	56	2	0
2721	1	1	2410	57	2	0
2914	0	5	1638	58	2	1
2090	0	4	1214	59	2	1
1854	0	3	1491	60	2	0
2042	0	3	950	61	2	0
2169	0	3	2020	62	2	1
3018	1	2	3021	63	2	0
3202	1	3	3015	64	2	0
3395	1	3	1720	65	2	1
1370	0	3	772	66	2	1
1964	0	4	1343	67	2	0
2496	1	3	1170	68	2	1
2546	1	4	1664	69	2	1
678	0	2	1526	70	2	1
2140	0	4	827	71	2	0
3720	1	5	2395	72	2	0
3909	1	3	2150	73	2	1
2094	0	3	1946	74	2	1
3484	1	4	3013	75	2	1
3359	1	4	2041	76	2	0
4408	1	5	1865	77	2	0
4133	1	4	2521	78	2	0
1350	0	2	926	79	2	1
3476	1	4	1171	80	2	0
2216	0	3	2173	81	2	0
2747	1	5	2748	82	2	1
3518	0	5	1717	83	3	0
2800	0	5	1676	84	3	1
3153	0	4	2090	85	3	1
2598	0	5	2044	86	3	0
3286	1	4	686	87	3	1
2023	0	3	1678	88	3	1
4005	1	3	2813	89	3	1
3251	1	3	2124	90	3	0
2566	0	4	1736	91	3	1
3782	1	5	2409	92	3	1
2289	0	3	1193	93	3	1
1689	0	2	1435	94	3	1
3137	0	5	741	95	3	1
3560	0	5	1555	96	3	0
2009	0	4	1505	97	3	1
2721	1	2	2656	98	3	0
4022	1	5	2629	99	3	1
3825	1	5	2014	100	3	1
2674	0	5	1570	101	3	1
2213	1	4	1788	102	3	1
2889	1	3	2054	103	3	0
1661	0	2	1682	104	3	1
4226	1	2	1137	105	3	1
3194	0	5	2013	106	3	0
3734	1	3	1437	107	3	1
3032	1	3	1639	108	3	0
1100	0	1	1928	109	4	0
2681	1	5	1627	110	4	1
4069	1	5	3475	111	4	0
1868	1	5	1896	112	4	1
3270	1	4	2578	113	4	0
2558	0	4	1986	114	4	1
2235	0	2	568	115	4	1
4555	1	5	2220	116	4	0
3144	1	5	2302	117	4	1
890	0	1	1636	118	4	0
5510	1	3	1222	119	4	1
5025	1	5	2114	120	4	1
3534	1	3	1582	121	4	0
2021	1	4	2983	122	4	1
3208	1	2	986	123	4	1
2924	1	1	1060	124	4	0
3755	1	5	3437	125	4	0
4646	1	5	1432	126	4	0
1963	0	3	2148	127	4	0
1882	1	3	1450	128	4	0
982	0	2	2093	129	4	0
2448	0	4	1070	130	4	0
1766	0	2	1326	131	4	0
2484	0	4	2069	132	4	0
2058	1	5	3466	133	4	1
1428	0	3	1272	134	4	0
2993	1	5	3030	135	4	0
3279	1	5	1275	136	4	1
4123	1	5	3387	137	4	0
3732	0	5	804	138	4	1
4088	1	5	1655	139	4	0
1790	1	4	2457	140	4	0
1240	0	1	2345	141	4	0
1121	0	1	1810	142	4	0
3697	0	5	1143	143	4	0
2682	0	3	1228	144	4	0
1209	0	1	1775	145	4	1
3136	1	5	1791	146	4	0
2461	0	4	1239	147	4	0
1817	0	2	1208	148	4	1
855	0	1	1446	149	4	0
2465	0	3	836	150	4	1
4394	1	4	2313	151	4	0
3751	1	5	2114	152	4	0
4539	1	5	2552	153	4	0
2867	0	4	1185	154	4	0
2370	1	2	1723	155	4	0
2534	0	3	1862	156	4	0
2390	0	3	2032	157	4	0
3603	1	4	2606	158	4	0
4502	1	5	2490	159	4	1
2780	1	3	965	160	4	1
2250	0	5	2329	161	4	1
3407	1	4	2459	162	4	1
1195	0	3	2181	163	4	0
1828	1	5	1611	164	4	1
1817	0	3	1037	165	4	1
1988	1	4	2223	166	5	0
4088	0	4	1334	167	5	1
4811	1	3	1864	168	5	0
4810	1	4	2644	169	5	0
3182	1	4	2192	170	5	0
2295	1	3	1919	171	5	0
3545	0	5	1687	172	5	1
2991	0	4	2132	173	5	1
3640	0	4	1302	174	5	1
4069	1	5	2998	175	5	1
1881	0	3	739	176	5	0
3523	0	5	1978	177	5	0
4490	0	5	2225	178	5	0
3845	0	5	1899	179	5	0
968	0	1	1211	180	5	0
1307	0	2	1814	181	5	0
2082	1	3	1360	182	5	0
4399	0	5	2340	183	5	0
872	0	1	841	184	5	0
1664	1	1	2812	185	5	1
3936	1	4	2215	186	5	0
3108	0	4	988	187	5	1
2029	1	1	2092	188	5	0
1209	0	1	1920	189	5	0
2292	0	2	849	190	5	1
2367	0	3	987	191	5	0
1696	0	2	1816	192	5	0
4123	1	5	1578	193	5	1
2772	1	5	931	194	5	1
3700	1	3	2689	195	5	1
3933	1	5	2707	196	5	0
1391	0	2	1082	197	5	0
1963	0	3	1344	198	5	1
2978	1	4	594	199	5	0
993	0	3	1369	200	5	0
