streams_sd	online_advertising	customer_rating	streams_hd	movieID	genre	academy_award
3375	0	4	2156	1	1	1
2945	0	4	1856	2	1	1
3395	1	4	2073	3	1	1
3927	1	4	1123	4	1	0
3259	1	3	3092	5	1	1
1463	0	3	1630	6	1	1
2482	1	4	2412	7	1	1
2962	0	5	1935	8	1	1
2496	0	5	1097	9	1	1
3670	1	5	2248	10	1	0
2816	0	5	1326	11	1	1
2772	1	4	3037	12	1	1
1929	0	3	1392	13	1	0
3242	1	5	1743	14	1	1
2985	0	4	1542	15	1	1
2333	1	2	1738	16	1	0
4581	1	5	2434	17	1	1
2527	0	4	1897	18	1	1
1069	0	1	1237	19	1	0
3519	1	5	2596	20	1	1
1821	0	4	1993	21	1	1
3513	1	4	2214	22	1	1
2661	0	4	1375	23	1	0
2714	1	3	2934	24	1	1
2880	0	4	2227	25	1	1
2270	0	4	2159	26	1	1
2878	1	5	2378	27	1	1
1813	0	2	610	28	1	0
3326	0	5	2217	29	1	1
1179	0	1	1557	30	1	1
4199	1	4	2642	31	1	1
1076	0	2	1279	32	1	0
1175	0	2	1620	33	1	1
4514	1	3	2586	34	1	1
2231	1	3	2510	35	1	1
2673	1	5	2355	36	1	0
992	0	1	896	37	2	0
2826	1	5	1754	38	2	0
4016	1	4	2351	39	2	1
2628	1	3	2908	40	2	0
1259	0	1	1428	41	2	1
1693	0	3	1472	42	2	1
3628	0	5	605	43	2	1
1010	0	1	2407	44	2	1
996	0	1	1175	45	2	0
3110	1	3	1512	46	2	1
1446	0	3	1550	47	2	1
3271	1	5	1324	48	2	1
3370	1	4	1457	49	2	1
3071	0	5	1691	50	2	1
1036	0	1	1872	51	2	0
5252	1	4	1209	52	2	0
2200	0	3	2517	53	2	1
4205	0	5	723	54	2	0
1430	0	2	1366	55	2	0
1686	0	2	1347	56	2	1
1581	1	1	1182	57	2	0
3496	1	5	2647	58	2	1
1101	0	1	1984	59	2	0
4424	1	2	649	60	2	0
5359	1	4	1077	61	2	1
3310	0	4	949	62	2	1
2629	1	5	2710	63	2	1
2751	0	3	798	64	2	1
2608	0	3	1424	65	2	0
2409	1	2	828	66	2	1
3127	1	4	2487	67	2	0
3652	1	4	1973	68	2	1
5622	1	5	2578	69	2	0
2980	0	5	1422	70	2	1
3580	1	3	1068	71	2	1
2851	1	3	2743	72	2	0
1868	1	4	2421	73	2	1
3515	1	4	1969	74	2	1
2901	0	5	1499	75	2	0
2370	0	4	1470	76	2	1
4579	1	5	2137	77	2	0
3997	1	3	1802	78	2	0
3897	1	5	1874	79	2	0
3409	1	4	1589	80	2	1
2197	0	3	1301	81	2	1
4137	1	3	2709	82	2	0
4029	1	5	2974	83	3	1
2394	1	1	1777	84	3	1
2755	0	3	1242	85	3	0
2023	1	2	1158	86	3	1
2321	0	4	1178	87	3	0
1794	0	3	1168	88	3	1
4336	1	5	2604	89	3	1
3736	1	5	2481	90	3	0
5042	1	5	930	91	3	0
2405	1	5	1540	92	3	1
2693	0	4	1054	93	3	1
2579	0	5	1936	94	3	0
1946	0	3	1764	95	3	0
3232	1	5	1954	96	3	0
2853	0	5	817	97	3	1
2654	1	3	2992	98	3	0
4255	1	5	3240	99	3	1
2288	0	5	1521	100	3	0
995	0	1	1930	101	3	0
3817	1	4	2603	102	3	1
2492	0	5	1044	103	3	1
3118	1	4	3726	104	3	1
3224	1	5	2230	105	3	0
852	0	1	1355	106	3	0
3379	1	3	1189	107	3	0
3390	0	5	1211	108	3	0
1545	0	4	1378	109	4	1
2525	1	4	844	110	4	0
3551	1	5	2498	111	4	1
1665	0	2	2093	112	4	0
1622	0	2	1675	113	4	0
1737	0	2	1724	114	4	0
1071	0	1	2514	115	4	1
3315	1	5	1540	116	4	1
2344	1	3	1161	117	4	0
4368	1	5	2313	118	4	1
3031	0	4	1042	119	4	0
2768	1	3	1901	120	4	1
1982	0	2	1141	121	4	1
3367	1	4	2540	122	4	0
1787	0	3	1035	123	4	0
3259	1	3	2935	124	4	1
2162	0	4	1357	125	4	0
1882	0	3	1690	126	4	0
2149	0	2	1859	127	4	0
2538	1	2	2757	128	4	0
4437	1	5	2447	129	4	1
3590	1	4	2412	130	4	0
3021	0	5	1528	131	4	1
4483	1	4	2017	132	4	0
2749	1	5	2630	133	4	0
1464	0	3	1326	134	4	1
2569	0	5	2272	135	4	0
3188	0	4	1300	136	4	0
3710	1	2	1318	137	4	1
2826	1	3	3063	138	4	1
1847	0	5	2299	139	4	1
3570	0	5	1887	140	4	1
1038	0	1	680	141	4	1
2812	0	3	1790	142	4	0
3380	1	5	2579	143	4	0
2425	0	4	1579	144	4	0
1877	1	3	2382	145	4	0
1579	0	2	1344	146	4	0
2319	0	2	1917	147	4	0
2503	0	5	1741	148	4	1
2115	0	4	1594	149	4	1
1669	0	5	1791	150	4	0
2129	0	3	1300	151	4	0
1308	0	2	1605	152	4	1
2618	0	4	1580	153	4	0
1178	0	1	1404	154	4	0
1670	0	4	1138	155	4	0
1090	0	1	1091	156	4	1
2510	1	5	2778	157	4	1
4388	1	3	2806	158	4	0
2720	0	3	1878	159	4	1
2514	0	3	1616	160	4	1
2364	0	3	1965	161	4	1
2749	1	3	2631	162	4	0
3595	1	5	1767	163	4	1
3432	1	1	1951	164	4	0
2856	1	2	2751	165	4	1
3895	0	5	1835	166	5	1
4284	1	3	2395	167	5	0
1272	0	4	1407	168	5	0
2424	0	3	1689	169	5	0
3497	1	4	2717	170	5	0
972	0	1	2187	171	5	0
1545	1	4	1547	172	5	1
2303	1	5	1543	173	5	1
2048	1	5	2176	174	5	0
2043	0	3	1443	175	5	0
1121	0	1	1349	176	5	1
2107	0	5	829	177	5	1
3594	1	4	681	178	5	0
2199	1	4	2050	179	5	0
3920	1	5	1660	180	5	0
2270	0	3	1549	181	5	0
5509	1	5	3124	182	5	0
1527	0	2	1784	183	5	1
1181	0	2	1534	184	5	0
1343	0	2	1214	185	5	0
3674	1	2	3414	186	5	0
2181	1	1	3037	187	5	1
4462	1	3	1905	188	5	1
1362	0	3	1205	189	5	0
3540	1	3	2811	190	5	1
3872	1	2	1233	191	5	0
982	0	2	1636	192	5	0
3248	0	3	1225	193	5	0
4237	1	5	1435	194	5	1
3483	1	4	3014	195	5	1
2120	1	3	2145	196	5	0
4303	1	4	2695	197	5	0
4647	1	4	2245	198	5	0
2512	1	1	2994	199	5	0
1820	1	3	2130	200	5	1
