"tv_adspend"	"online_adspend"	"radio_adspend"	"sales"
164.7	71.3	37	22.3
247.5	21.4	33	16.4
159.5	17.4	18	14.8
279.1	38.7	8	22.6
261.8	13.1	10	15.4
64.5	16.4	39	7.2
54.9	28.5	43	9.9
105.1	38.6	42	14.3
212.2	77.3	28	27.5
256.9	45.3	16	23.9
23	7	32	5.8
110.7	12.8	5	11.7
261.8	44.8	27	20.5
282.9	16.6	37	19.7
154.7	14.2	45	11.5
50.7	12.4	29	8.2
205.5	11.6	5	13.2
23.8	14.3	33	9.9
252.8	12.2	4	18.9
222.2	34.6	24	18.9
84.3	9.6	20	12
100.3	8.8	27	6.7
137.5	6.2	26	9.5
79.9	34.9	19	13.8
221.3	24.7	46	18.9
271	11.2	37	20.1
178.9	45.6	25	21.2
241.6	29.5	35	20
149.7	10.9	33	10.8
181	9.5	2	15.6
33.1	36.4	14	12.4
29.1	28.7	15	11.8
290.4	9.2	30	20.1
39.3	37.6	41	11.7
0.9	8.9	28	5.8
48.9	29.5	37	9.8
190.1	14.4	25	13.7
80.8	48.5	15	13.4
196.8	14.4	17	15.9
78.2	42.7	42	14.8
202.8	10.1	22	14.3
193.7	57.7	40	22.8
73.5	60.5	12	18.2
268.2	8.8	38	20.9
76.1	23	16	13.6
76.5	26	19	11.8
39.5	7	13	6
225.2	53.5	29	24.7
155	12.5	37	14.1
228.8	17.3	22	16
65.3	17	6	8.2
247.2	32.4	37	19.7
111.8	11.3	27	10.5
147.3	11.8	24	10.5
205.7	25.8	25	17.6
47.7	8.9	43	4.4
37.9	41.8	26	16.2
35.6	14.9	22	8.4
122.3	35.6	42	14.4
180.5	32	26	18
176.3	49.2	25	20.9
284.9	27.3	31	21.1
219.1	1.8	19	14.4
58.8	20.7	8	10.4
34.1	44.6	25	15.5
241.1	20.7	21	14.4
20.4	11.6	16	2.3
193.6	23.1	24	18.9
185.1	17.5	32	17.8
45.6	2.7	13	5.7
58.6	46.3	28	16.6
77	4.6	25	8.8
182.5	21.9	17	18.7
17.8	39.2	22	10.5
140.7	13.8	9	10.9
189.2	20.7	27	16
106.9	20.4	50	13
211.7	21.6	24	17.3
105	10.6	43	7.5
192.8	42.6	4	20.5
273.8	17.2	3	20.1
188.6	11.7	34	14.6
282.9	9.4	6	16.9
76.9	10	16	8
252.9	29	42	22.9
121.3	11.6	22	8.6
24.6	13.4	28	7.8
198.6	28.5	25	15.5
63.9	26.2	30	8.6
75.2	30.5	36	15.4
243.5	22	28	18.1
247.1	34.1	52	18.4
227.4	42.3	21	21.1
228	10.9	14	16.9
59.1	25.3	26	11
17.5	30	19	8.9
165.7	34.9	21	13.9
93.9	34.8	32	13.3
50.5	25	19	11.3
270.4	24	46	20.6
108.3	34.1	22	13.5
48.5	40.8	6	14.4
144.9	15.2	29	9.7
284.9	45.4	27	21.2
225.7	35.8	44	19.9
161.5	22.3	13	14.9
193	36.3	11	17.8
74.2	22.7	45	10.3
52.8	28.5	6	10.7
199	5.9	35	14.9
86.1	33.5	45	15.7
159.9	21.2	14	15.5
150.8	49.6	33	21.3
202.6	35.6	11	19.9
193	9.6	33	12.9
153.8	14.1	43	16.3
83.6	6.7	30	9.4
61.6	32	45	10.2
250.8	15.4	30	18.3
154.4	30.8	35	16.2
181.3	63.8	16	26.5
150.8	47.1	30	15.2
200.4	22.8	18	12.3
253.6	42.3	21	21.4
114.4	33.7	23	15.4
215.8	38.1	27	21
205.2	6.8	27	13
288.6	43.8	32	23.6
22.3	43.7	42	10.1
130.3	15.2	8	7.7
195.7	36.2	31	20
235.4	30	19	22
148.1	8	15	16.6
3.7	32.7	15	12.1
54.6	9.2	22	7.3
103.3	20.5	29	9.5
210.1	58.3	25	25.4
137.7	35.8	33	14.1
216.7	18.2	4	18.9
107.3	22.4	14	13.3
197.5	37.5	35	17.7
95.6	43.8	16	18.9
170.3	14.6	42	11.7
202.8	44.4	5	21.8
40.2	17.1	40	6.6
115.5	14.6	15	12.6
140.4	33.7	43	12.7
93.8	43.9	34	12.8
57.6	14.3	11	5
150.1	25.4	21	12.2
143.3	45.2	17	17.8
229.5	53	28	24.6
37.5	29.6	35	11.3
257.9	25.9	22	19
31.2	23.2	27	6.2
93.7	14.4	48	8.9
93.4	49.5	45	15
247.6	14.7	28	16.9
32.7	21.7	16	6.2
81.6	31.7	30	14.5
22.5	54.8	37	13.6
43.2	25.4	32	12.7
75.4	27.1	16	13.2
12.3	35.8	31	8.9
114.1	2.8	9	7.3
239	29.3	16	17.4
168.5	33.3	24	14.5
83.4	10	31	6.4
23.4	4.6	31	4.6
297.4	32.6	36	20.3
83.2	20.7	22	10.5
226.6	2.7	58	13.9
165.2	13	15	13.3
146.3	18.1	3	15.4
211.4	11.6	10	17.2
259.8	11.2	34	20.6
114.3	37.9	44	15.9
128	21.2	47	18.1
294.7	21.6	30	19.1
229.6	39.5	23	23.1
201	28.6	30	16.6
42.4	10.3	42	6.5
148.4	8.8	45	8.4
146.2	20.5	31	12.1
79.1	27.5	13	10.4
252.2	10.3	29	17.9
241.5	38.9	46	21.9
257.7	10.2	18	13.1
265.2	14.4	1	18.1
92.6	6.5	29	7.3
168.4	34.4	29	20.2
107.5	19.8	11	11.7
292.3	22.1	13	20
48.1	32.9	21	10.7
65.1	1.9	52	7
25.6	7.8	23	6.9
160.3	30.5	26	17.6
201.7	14.2	46	13.5
50.9	12.7	20	8.1
283.7	25.1	2	23.5
178.7	9.5	5	14.3
171.7	10.2	9	11
220.2	22.3	32	16.9
96.8	21	7	11.2
254.3	64.4	43	25.3
154.8	17.1	16	12.6
37.3	15.3	17	6.8
32.2	18.5	18	10.6
226.2	28	55	21
234.8	46.3	30	23.7
181.7	11.3	37	12.2
70.3	14	57	7.2
204.5	31.2	27	19.1
44.5	3.5	29	4.3
130.4	37	57	16.6
232.2	20.8	28	19.5
164.8	20.8	46	18.5
289.3	21.9	13	18.1
189.5	25.3	15	15.4
151.4	17.6	22	14
173.6	21.2	25	13.7
109.3	25.1	21	12.6
96.8	32.3	27	12
62.8	37.5	62	13
70.3	28	2	10.9
89.3	38.3	27	14.2
88.2	21.1	22	12.4
2.9	35.4	52	11
